 0.3967E+00  0.4342E+00  0.4684E+00  0.4489E+00  0.4014E+00  0.3683E+00  0.3284E+00  0.2914E+00  0.2674E+00  0.2953E+00  0.3314E+00  0.3639E+00
 0.3967E+00  0.4342E+00  0.4684E+00  0.4489E+00  0.4014E+00  0.3683E+00  0.3284E+00  0.2914E+00  0.2674E+00  0.2953E+00  0.3314E+00  0.3639E+00
 0.3966E+00  0.4345E+00  0.4690E+00  0.4488E+00  0.4015E+00  0.3685E+00  0.3284E+00  0.2917E+00  0.2673E+00  0.2945E+00  0.3312E+00  0.3638E+00
 0.3964E+00  0.4354E+00  0.4705E+00  0.4485E+00  0.4020E+00  0.3690E+00  0.3286E+00  0.2923E+00  0.2671E+00  0.2924E+00  0.3308E+00  0.3635E+00
 0.3962E+00  0.4363E+00  0.4721E+00  0.4482E+00  0.4024E+00  0.3695E+00  0.3288E+00  0.2929E+00  0.2668E+00  0.2904E+00  0.3304E+00  0.3632E+00
 0.3960E+00  0.4372E+00  0.4717E+00  0.4477E+00  0.4026E+00  0.3694E+00  0.3285E+00  0.2931E+00  0.2672E+00  0.2883E+00  0.3300E+00  0.3628E+00
 0.3959E+00  0.4381E+00  0.4699E+00  0.4470E+00  0.4025E+00  0.3688E+00  0.3278E+00  0.2929E+00  0.2680E+00  0.2862E+00  0.3296E+00  0.3625E+00
 0.3957E+00  0.4390E+00  0.4682E+00  0.4464E+00  0.4024E+00  0.3682E+00  0.3272E+00  0.2928E+00  0.2689E+00  0.2841E+00  0.3292E+00  0.3622E+00
 0.3955E+00  0.4399E+00  0.4663E+00  0.4468E+00  0.4030E+00  0.3679E+00  0.3271E+00  0.2936E+00  0.2709E+00  0.2820E+00  0.3288E+00  0.3618E+00
 0.3953E+00  0.4408E+00  0.4644E+00  0.4475E+00  0.4037E+00  0.3676E+00  0.3272E+00  0.2947E+00  0.2733E+00  0.2799E+00  0.3284E+00  0.3615E+00
 0.3951E+00  0.4418E+00  0.4625E+00  0.4482E+00  0.4045E+00  0.3673E+00  0.3272E+00  0.2958E+00  0.2757E+00  0.2780E+00  0.3279E+00  0.3612E+00
 0.3949E+00  0.4427E+00  0.4614E+00  0.4494E+00  0.4058E+00  0.3679E+00  0.3279E+00  0.2977E+00  0.2793E+00  0.2795E+00  0.3275E+00  0.3609E+00
 0.3947E+00  0.4436E+00  0.4603E+00  0.4506E+00  0.4070E+00  0.3685E+00  0.3286E+00  0.2996E+00  0.2828E+00  0.2811E+00  0.3271E+00  0.3605E+00
 0.3945E+00  0.4444E+00  0.4593E+00  0.4515E+00  0.4082E+00  0.3690E+00  0.3293E+00  0.3015E+00  0.2861E+00  0.2832E+00  0.3267E+00  0.3602E+00
 0.3943E+00  0.4449E+00  0.4584E+00  0.4517E+00  0.4092E+00  0.3692E+00  0.3298E+00  0.3030E+00  0.2888E+00  0.2870E+00  0.3263E+00  0.3599E+00
 0.3941E+00  0.4455E+00  0.4575E+00  0.4519E+00  0.4102E+00  0.3695E+00  0.3303E+00  0.3045E+00  0.2915E+00  0.2908E+00  0.3259E+00  0.3596E+00
 0.3939E+00  0.4445E+00  0.4565E+00  0.4516E+00  0.4110E+00  0.3695E+00  0.3308E+00  0.3060E+00  0.2938E+00  0.2939E+00  0.3255E+00  0.3592E+00
 0.3937E+00  0.4414E+00  0.4556E+00  0.4507E+00  0.4117E+00  0.3692E+00  0.3311E+00  0.3075E+00  0.2957E+00  0.2960E+00  0.3251E+00  0.3589E+00
 0.3935E+00  0.4384E+00  0.4546E+00  0.4498E+00  0.4123E+00  0.3688E+00  0.3315E+00  0.3091E+00  0.2976E+00  0.2981E+00  0.3246E+00  0.3586E+00
 0.3933E+00  0.4359E+00  0.4539E+00  0.4485E+00  0.4122E+00  0.3679E+00  0.3319E+00  0.3108E+00  0.2995E+00  0.3001E+00  0.3243E+00  0.3582E+00
 0.3931E+00  0.4336E+00  0.4532E+00  0.4470E+00  0.4116E+00  0.3667E+00  0.3324E+00  0.3125E+00  0.3013E+00  0.3021E+00  0.3239E+00  0.3579E+00
 0.3929E+00  0.4313E+00  0.4525E+00  0.4454E+00  0.4110E+00  0.3655E+00  0.3329E+00  0.3142E+00  0.3031E+00  0.3041E+00  0.3236E+00  0.3576E+00
 0.3927E+00  0.4298E+00  0.4514E+00  0.4435E+00  0.4102E+00  0.3653E+00  0.3340E+00  0.3160E+00  0.3048E+00  0.3059E+00  0.3248E+00  0.3573E+00
 0.3925E+00  0.4284E+00  0.4502E+00  0.4416E+00  0.4095E+00  0.3653E+00  0.3353E+00  0.3178E+00  0.3064E+00  0.3077E+00  0.3263E+00  0.3569E+00
 0.3923E+00  0.4270E+00  0.4489E+00  0.4397E+00  0.4086E+00  0.3654E+00  0.3366E+00  0.3195E+00  0.3081E+00  0.3095E+00  0.3276E+00  0.3566E+00
 0.3918E+00  0.4261E+00  0.4471E+00  0.4373E+00  0.4077E+00  0.3662E+00  0.3384E+00  0.3211E+00  0.3095E+00  0.3109E+00  0.3277E+00  0.3563E+00
 0.3913E+00  0.4251E+00  0.4452E+00  0.4349E+00  0.4067E+00  0.3670E+00  0.3401E+00  0.3228E+00  0.3110E+00  0.3122E+00  0.3278E+00  0.3560E+00
 0.3909E+00  0.4242E+00  0.4434E+00  0.4327E+00  0.4059E+00  0.3681E+00  0.3420E+00  0.3244E+00  0.3124E+00  0.3135E+00  0.3279E+00  0.3557E+00
 0.3906E+00  0.4234E+00  0.4414E+00  0.4306E+00  0.4054E+00  0.3698E+00  0.3441E+00  0.3259E+00  0.3137E+00  0.3145E+00  0.3283E+00  0.3554E+00
 0.3903E+00  0.4227E+00  0.4395E+00  0.4286E+00  0.4049E+00  0.3715E+00  0.3461E+00  0.3274E+00  0.3151E+00  0.3156E+00  0.3287E+00  0.3552E+00
 0.3900E+00  0.4219E+00  0.4376E+00  0.4266E+00  0.4043E+00  0.3728E+00  0.3479E+00  0.3286E+00  0.3161E+00  0.3162E+00  0.3290E+00  0.3549E+00
 0.3896E+00  0.4212E+00  0.4355E+00  0.4248E+00  0.4036E+00  0.3738E+00  0.3493E+00  0.3295E+00  0.3169E+00  0.3166E+00  0.3291E+00  0.3546E+00
 0.3893E+00  0.4204E+00  0.4335E+00  0.4229E+00  0.4029E+00  0.3748E+00  0.3507E+00  0.3303E+00  0.3176E+00  0.3169E+00  0.3292E+00  0.3544E+00
 0.3887E+00  0.4193E+00  0.4313E+00  0.4207E+00  0.4017E+00  0.3752E+00  0.3514E+00  0.3307E+00  0.3178E+00  0.3166E+00  0.3290E+00  0.3541E+00
 0.3880E+00  0.4182E+00  0.4290E+00  0.4185E+00  0.4003E+00  0.3754E+00  0.3518E+00  0.3308E+00  0.3178E+00  0.3161E+00  0.3286E+00  0.3537E+00
 0.3873E+00  0.4170E+00  0.4268E+00  0.4163E+00  0.3990E+00  0.3755E+00  0.3523E+00  0.3309E+00  0.3178E+00  0.3156E+00  0.3283E+00  0.3533E+00
 0.3859E+00  0.4152E+00  0.4242E+00  0.4139E+00  0.3974E+00  0.3751E+00  0.3517E+00  0.3304E+00  0.3174E+00  0.3147E+00  0.3273E+00  0.3524E+00
 0.3844E+00  0.4133E+00  0.4215E+00  0.4116E+00  0.3959E+00  0.3747E+00  0.3510E+00  0.3299E+00  0.3169E+00  0.3137E+00  0.3263E+00  0.3515E+00
 0.3828E+00  0.4113E+00  0.4188E+00  0.4091E+00  0.3943E+00  0.3741E+00  0.3503E+00  0.3293E+00  0.3164E+00  0.3126E+00  0.3252E+00  0.3505E+00
 0.3806E+00  0.4088E+00  0.4156E+00  0.4063E+00  0.3923E+00  0.3727E+00  0.3486E+00  0.3281E+00  0.3154E+00  0.3111E+00  0.3236E+00  0.3489E+00
 0.3785E+00  0.4062E+00  0.4124E+00  0.4035E+00  0.3903E+00  0.3712E+00  0.3469E+00  0.3269E+00  0.3144E+00  0.3096E+00  0.3220E+00  0.3473E+00
 0.3760E+00  0.4033E+00  0.4090E+00  0.4006E+00  0.3882E+00  0.3695E+00  0.3450E+00  0.3256E+00  0.3133E+00  0.3079E+00  0.3201E+00  0.3454E+00
 0.3730E+00  0.3996E+00  0.4051E+00  0.3974E+00  0.3856E+00  0.3670E+00  0.3427E+00  0.3240E+00  0.3120E+00  0.3060E+00  0.3178E+00  0.3430E+00
 0.3699E+00  0.3959E+00  0.4012E+00  0.3943E+00  0.3831E+00  0.3646E+00  0.3404E+00  0.3225E+00  0.3106E+00  0.3041E+00  0.3156E+00  0.3405E+00
 0.3663E+00  0.3913E+00  0.3967E+00  0.3907E+00  0.3801E+00  0.3616E+00  0.3379E+00  0.3208E+00  0.3091E+00  0.3021E+00  0.3130E+00  0.3375E+00
 0.3621E+00  0.3860E+00  0.3918E+00  0.3868E+00  0.3766E+00  0.3582E+00  0.3350E+00  0.3189E+00  0.3074E+00  0.2999E+00  0.3102E+00  0.3341E+00
 0.3580E+00  0.3807E+00  0.3868E+00  0.3828E+00  0.3732E+00  0.3548E+00  0.3322E+00  0.3169E+00  0.3057E+00  0.2978E+00  0.3074E+00  0.3306E+00
 0.3533E+00  0.3749E+00  0.3816E+00  0.3784E+00  0.3694E+00  0.3509E+00  0.3293E+00  0.3151E+00  0.3041E+00  0.2957E+00  0.3043E+00  0.3267E+00
 0.3483E+00  0.3689E+00  0.3762E+00  0.3739E+00  0.3654E+00  0.3468E+00  0.3263E+00  0.3132E+00  0.3025E+00  0.2937E+00  0.3012E+00  0.3226E+00
 0.3434E+00  0.3630E+00  0.3708E+00  0.3694E+00  0.3614E+00  0.3428E+00  0.3234E+00  0.3113E+00  0.3009E+00  0.2917E+00  0.2981E+00  0.3185E+00
 0.3377E+00  0.3564E+00  0.3649E+00  0.3645E+00  0.3572E+00  0.3387E+00  0.3207E+00  0.3098E+00  0.2995E+00  0.2900E+00  0.2950E+00  0.3141E+00
 0.3319E+00  0.3498E+00  0.3590E+00  0.3597E+00  0.3531E+00  0.3347E+00  0.3180E+00  0.3082E+00  0.2982E+00  0.2883E+00  0.2918E+00  0.3097E+00
 0.3260E+00  0.3430E+00  0.3530E+00  0.3548E+00  0.3489E+00  0.3308E+00  0.3155E+00  0.3068E+00  0.2969E+00  0.2866E+00  0.2887E+00  0.3052E+00
 0.3197E+00  0.3359E+00  0.3466E+00  0.3497E+00  0.3447E+00  0.3274E+00  0.3134E+00  0.3055E+00  0.2956E+00  0.2853E+00  0.2858E+00  0.3007E+00
 0.3133E+00  0.3287E+00  0.3402E+00  0.3446E+00  0.3405E+00  0.3241E+00  0.3114E+00  0.3042E+00  0.2944E+00  0.2840E+00  0.2830E+00  0.2961E+00
 0.3071E+00  0.3217E+00  0.3339E+00  0.3396E+00  0.3366E+00  0.3211E+00  0.3096E+00  0.3031E+00  0.2933E+00  0.2829E+00  0.2804E+00  0.2918E+00
 0.3012E+00  0.3151E+00  0.3279E+00  0.3349E+00  0.3330E+00  0.3186E+00  0.3082E+00  0.3021E+00  0.2924E+00  0.2821E+00  0.2782E+00  0.2877E+00
 0.2953E+00  0.3084E+00  0.3218E+00  0.3302E+00  0.3294E+00  0.3161E+00  0.3068E+00  0.3011E+00  0.2915E+00  0.2812E+00  0.2760E+00  0.2836E+00
 0.2900E+00  0.3025E+00  0.3162E+00  0.3258E+00  0.3261E+00  0.3139E+00  0.3056E+00  0.3001E+00  0.2907E+00  0.2804E+00  0.2742E+00  0.2800E+00
 0.2852E+00  0.2970E+00  0.3110E+00  0.3218E+00  0.3231E+00  0.3120E+00  0.3045E+00  0.2991E+00  0.2899E+00  0.2797E+00  0.2726E+00  0.2767E+00
 0.2803E+00  0.2915E+00  0.3058E+00  0.3178E+00  0.3201E+00  0.3101E+00  0.3034E+00  0.2981E+00  0.2890E+00  0.2789E+00  0.2710E+00  0.2733E+00
 0.2764E+00  0.2871E+00  0.3015E+00  0.3143E+00  0.3174E+00  0.3084E+00  0.3024E+00  0.2972E+00  0.2883E+00  0.2782E+00  0.2697E+00  0.2707E+00
 0.2727E+00  0.2829E+00  0.2974E+00  0.3110E+00  0.3148E+00  0.3069E+00  0.3014E+00  0.2963E+00  0.2876E+00  0.2776E+00  0.2686E+00  0.2682E+00
 0.2690E+00  0.2788E+00  0.2933E+00  0.3076E+00  0.3121E+00  0.3053E+00  0.3004E+00  0.2954E+00  0.2869E+00  0.2769E+00  0.2674E+00  0.2657E+00
 0.2661E+00  0.2757E+00  0.2900E+00  0.3046E+00  0.3095E+00  0.3038E+00  0.2994E+00  0.2945E+00  0.2863E+00  0.2762E+00  0.2665E+00  0.2638E+00
 0.2632E+00  0.2726E+00  0.2868E+00  0.3015E+00  0.3068E+00  0.3022E+00  0.2983E+00  0.2935E+00  0.2856E+00  0.2755E+00  0.2656E+00  0.2619E+00
 0.2605E+00  0.2696E+00  0.2837E+00  0.2985E+00  0.3042E+00  0.3007E+00  0.2972E+00  0.2926E+00  0.2849E+00  0.2748E+00  0.2647E+00  0.2601E+00
 0.2585E+00  0.2671E+00  0.2810E+00  0.2956E+00  0.3015E+00  0.2990E+00  0.2961E+00  0.2917E+00  0.2844E+00  0.2742E+00  0.2638E+00  0.2586E+00
 0.2565E+00  0.2647E+00  0.2783E+00  0.2928E+00  0.2988E+00  0.2973E+00  0.2949E+00  0.2908E+00  0.2838E+00  0.2736E+00  0.2630E+00  0.2570E+00
 0.2547E+00  0.2624E+00  0.2758E+00  0.2902E+00  0.2963E+00  0.2957E+00  0.2938E+00  0.2900E+00  0.2834E+00  0.2730E+00  0.2623E+00  0.2558E+00
 0.2533E+00  0.2603E+00  0.2735E+00  0.2879E+00  0.2940E+00  0.2941E+00  0.2928E+00  0.2893E+00  0.2832E+00  0.2727E+00  0.2616E+00  0.2548E+00
 0.2519E+00  0.2582E+00  0.2713E+00  0.2856E+00  0.2916E+00  0.2925E+00  0.2917E+00  0.2886E+00  0.2829E+00  0.2723E+00  0.2610E+00  0.2538E+00
 0.2509E+00  0.2565E+00  0.2694E+00  0.2835E+00  0.2896E+00  0.2909E+00  0.2907E+00  0.2881E+00  0.2828E+00  0.2721E+00  0.2606E+00  0.2530E+00
 0.2500E+00  0.2551E+00  0.2677E+00  0.2815E+00  0.2877E+00  0.2894E+00  0.2898E+00  0.2876E+00  0.2827E+00  0.2720E+00  0.2603E+00  0.2524E+00
 0.2492E+00  0.2536E+00  0.2659E+00  0.2796E+00  0.2858E+00  0.2879E+00  0.2889E+00  0.2872E+00  0.2826E+00  0.2719E+00  0.2600E+00  0.2519E+00
 0.2488E+00  0.2527E+00  0.2647E+00  0.2779E+00  0.2841E+00  0.2865E+00  0.2880E+00  0.2868E+00  0.2826E+00  0.2719E+00  0.2599E+00  0.2516E+00
 0.2484E+00  0.2519E+00  0.2635E+00  0.2762E+00  0.2825E+00  0.2852E+00  0.2871E+00  0.2864E+00  0.2825E+00  0.2719E+00  0.2599E+00  0.2514E+00
 0.2481E+00  0.2511E+00  0.2623E+00  0.2746E+00  0.2808E+00  0.2838E+00  0.2862E+00  0.2860E+00  0.2824E+00  0.2718E+00  0.2599E+00  0.2513E+00
 0.2481E+00  0.2509E+00  0.2616E+00  0.2732E+00  0.2792E+00  0.2824E+00  0.2851E+00  0.2852E+00  0.2820E+00  0.2716E+00  0.2601E+00  0.2516E+00
 0.2481E+00  0.2507E+00  0.2608E+00  0.2719E+00  0.2775E+00  0.2809E+00  0.2840E+00  0.2845E+00  0.2815E+00  0.2714E+00  0.2603E+00  0.2518E+00
 0.2483E+00  0.2507E+00  0.2602E+00  0.2706E+00  0.2758E+00  0.2795E+00  0.2828E+00  0.2838E+00  0.2810E+00  0.2712E+00  0.2604E+00  0.2521E+00
 0.2488E+00  0.2511E+00  0.2601E+00  0.2696E+00  0.2742E+00  0.2780E+00  0.2816E+00  0.2829E+00  0.2804E+00  0.2708E+00  0.2605E+00  0.2526E+00
 0.2493E+00  0.2515E+00  0.2600E+00  0.2686E+00  0.2726E+00  0.2765E+00  0.2804E+00  0.2820E+00  0.2798E+00  0.2705E+00  0.2606E+00  0.2531E+00
 0.2499E+00  0.2521E+00  0.2601E+00  0.2678E+00  0.2711E+00  0.2750E+00  0.2792E+00  0.2811E+00  0.2792E+00  0.2701E+00  0.2605E+00  0.2535E+00
 0.2506E+00  0.2528E+00  0.2603E+00  0.2671E+00  0.2696E+00  0.2735E+00  0.2779E+00  0.2800E+00  0.2785E+00  0.2698E+00  0.2604E+00  0.2538E+00
 0.2513E+00  0.2535E+00  0.2605E+00  0.2664E+00  0.2682E+00  0.2720E+00  0.2766E+00  0.2790E+00  0.2779E+00  0.2694E+00  0.2603E+00  0.2542E+00
 0.2520E+00  0.2541E+00  0.2608E+00  0.2659E+00  0.2671E+00  0.2707E+00  0.2754E+00  0.2780E+00  0.2774E+00  0.2692E+00  0.2604E+00  0.2545E+00
 0.2526E+00  0.2548E+00  0.2610E+00  0.2655E+00  0.2662E+00  0.2694E+00  0.2742E+00  0.2771E+00  0.2770E+00  0.2692E+00  0.2606E+00  0.2549E+00
 0.2532E+00  0.2554E+00  0.2612E+00  0.2652E+00  0.2653E+00  0.2681E+00  0.2730E+00  0.2762E+00  0.2766E+00  0.2692E+00  0.2608E+00  0.2553E+00
 0.2539E+00  0.2560E+00  0.2614E+00  0.2649E+00  0.2648E+00  0.2672E+00  0.2719E+00  0.2753E+00  0.2762E+00  0.2694E+00  0.2612E+00  0.2559E+00
 0.2546E+00  0.2567E+00  0.2616E+00  0.2647E+00  0.2643E+00  0.2663E+00  0.2708E+00  0.2744E+00  0.2759E+00  0.2696E+00  0.2617E+00  0.2565E+00
 0.2554E+00  0.2573E+00  0.2618E+00  0.2645E+00  0.2638E+00  0.2654E+00  0.2697E+00  0.2735E+00  0.2755E+00  0.2698E+00  0.2622E+00  0.2572E+00
 0.2563E+00  0.2580E+00  0.2621E+00  0.2643E+00  0.2635E+00  0.2647E+00  0.2687E+00  0.2726E+00  0.2751E+00  0.2701E+00  0.2630E+00  0.2581E+00
 0.2573E+00  0.2587E+00  0.2623E+00  0.2642E+00  0.2632E+00  0.2640E+00  0.2677E+00  0.2717E+00  0.2747E+00  0.2704E+00  0.2638E+00  0.2590E+00
 0.2582E+00  0.2594E+00  0.2626E+00  0.2641E+00  0.2629E+00  0.2632E+00  0.2667E+00  0.2708E+00  0.2743E+00  0.2708E+00  0.2647E+00  0.2599E+00
 0.2592E+00  0.2601E+00  0.2629E+00  0.2640E+00  0.2626E+00  0.2626E+00  0.2658E+00  0.2700E+00  0.2739E+00  0.2711E+00  0.2657E+00  0.2610E+00
 0.2602E+00  0.2608E+00  0.2631E+00  0.2640E+00  0.2623E+00  0.2619E+00  0.2648E+00  0.2691E+00  0.2736E+00  0.2715E+00  0.2667E+00  0.2621E+00
 0.2612E+00  0.2615E+00  0.2634E+00  0.2640E+00  0.2621E+00  0.2614E+00  0.2642E+00  0.2686E+00  0.2735E+00  0.2721E+00  0.2678E+00  0.2632E+00
 0.2623E+00  0.2622E+00  0.2637E+00  0.2640E+00  0.2619E+00  0.2610E+00  0.2638E+00  0.2683E+00  0.2736E+00  0.2728E+00  0.2690E+00  0.2645E+00
 0.2633E+00  0.2629E+00  0.2639E+00  0.2640E+00  0.2618E+00  0.2606E+00  0.2634E+00  0.2680E+00  0.2738E+00  0.2736E+00  0.2701E+00  0.2657E+00
 0.2643E+00  0.2635E+00  0.2642E+00  0.2641E+00  0.2617E+00  0.2607E+00  0.2635E+00  0.2682E+00  0.2744E+00  0.2746E+00  0.2714E+00  0.2670E+00
 0.2653E+00  0.2641E+00  0.2644E+00  0.2641E+00  0.2617E+00  0.2608E+00  0.2638E+00  0.2686E+00  0.2752E+00  0.2758E+00  0.2727E+00  0.2683E+00
 0.2663E+00  0.2647E+00  0.2647E+00  0.2641E+00  0.2617E+00  0.2609E+00  0.2641E+00  0.2690E+00  0.2760E+00  0.2770E+00  0.2740E+00  0.2695E+00
 0.2671E+00  0.2652E+00  0.2649E+00  0.2641E+00  0.2620E+00  0.2615E+00  0.2649E+00  0.2699E+00  0.2772E+00  0.2787E+00  0.2755E+00  0.2707E+00
 0.2679E+00  0.2656E+00  0.2651E+00  0.2642E+00  0.2623E+00  0.2621E+00  0.2656E+00  0.2707E+00  0.2785E+00  0.2803E+00  0.2770E+00  0.2719E+00
 0.2687E+00  0.2660E+00  0.2653E+00  0.2642E+00  0.2626E+00  0.2628E+00  0.2665E+00  0.2717E+00  0.2798E+00  0.2820E+00  0.2785E+00  0.2731E+00
 0.2694E+00  0.2664E+00  0.2656E+00  0.2645E+00  0.2633E+00  0.2638E+00  0.2678E+00  0.2731E+00  0.2816E+00  0.2841E+00  0.2802E+00  0.2744E+00
 0.2702E+00  0.2669E+00  0.2659E+00  0.2648E+00  0.2640E+00  0.2649E+00  0.2691E+00  0.2745E+00  0.2834E+00  0.2862E+00  0.2820E+00  0.2756E+00
 0.2709E+00  0.2673E+00  0.2662E+00  0.2652E+00  0.2648E+00  0.2660E+00  0.2705E+00  0.2761E+00  0.2853E+00  0.2883E+00  0.2837E+00  0.2768E+00
 0.2716E+00  0.2678E+00  0.2665E+00  0.2659E+00  0.2656E+00  0.2672E+00  0.2721E+00  0.2778E+00  0.2874E+00  0.2904E+00  0.2856E+00  0.2780E+00
 0.2724E+00  0.2683E+00  0.2669E+00  0.2665E+00  0.2665E+00  0.2684E+00  0.2737E+00  0.2796E+00  0.2895E+00  0.2926E+00  0.2874E+00  0.2791E+00
 0.2731E+00  0.2688E+00  0.2674E+00  0.2673E+00  0.2674E+00  0.2697E+00  0.2754E+00  0.2817E+00  0.2918E+00  0.2949E+00  0.2892E+00  0.2803E+00
 0.2740E+00  0.2695E+00  0.2681E+00  0.2682E+00  0.2684E+00  0.2711E+00  0.2772E+00  0.2840E+00  0.2943E+00  0.2972E+00  0.2910E+00  0.2816E+00
 0.2748E+00  0.2701E+00  0.2687E+00  0.2691E+00  0.2693E+00  0.2725E+00  0.2790E+00  0.2863E+00  0.2968E+00  0.2996E+00  0.2929E+00  0.2828E+00
 0.2760E+00  0.2711E+00  0.2697E+00  0.2701E+00  0.2705E+00  0.2742E+00  0.2813E+00  0.2892E+00  0.2996E+00  0.3021E+00  0.2949E+00  0.2844E+00
 0.2772E+00  0.2721E+00  0.2707E+00  0.2712E+00  0.2717E+00  0.2760E+00  0.2837E+00  0.2921E+00  0.3026E+00  0.3048E+00  0.2970E+00  0.2860E+00
 0.2784E+00  0.2732E+00  0.2718E+00  0.2724E+00  0.2728E+00  0.2778E+00  0.2861E+00  0.2951E+00  0.3056E+00  0.3074E+00  0.2991E+00  0.2876E+00
 0.2799E+00  0.2745E+00  0.2730E+00  0.2735E+00  0.2742E+00  0.2801E+00  0.2891E+00  0.2987E+00  0.3090E+00  0.3104E+00  0.3013E+00  0.2893E+00
 0.2813E+00  0.2757E+00  0.2742E+00  0.2746E+00  0.2755E+00  0.2825E+00  0.2922E+00  0.3023E+00  0.3125E+00  0.3135E+00  0.3034E+00  0.2910E+00
 0.2828E+00  0.2770E+00  0.2754E+00  0.2757E+00  0.2769E+00  0.2850E+00  0.2953E+00  0.3059E+00  0.3161E+00  0.3166E+00  0.3056E+00  0.2927E+00
 0.2844E+00  0.2785E+00  0.2767E+00  0.2768E+00  0.2786E+00  0.2878E+00  0.2989E+00  0.3101E+00  0.3201E+00  0.3201E+00  0.3080E+00  0.2944E+00
 0.2860E+00  0.2800E+00  0.2780E+00  0.2778E+00  0.2802E+00  0.2906E+00  0.3024E+00  0.3142E+00  0.3241E+00  0.3235E+00  0.3104E+00  0.2960E+00
 0.2876E+00  0.2815E+00  0.2792E+00  0.2788E+00  0.2820E+00  0.2934E+00  0.3060E+00  0.3184E+00  0.3281E+00  0.3269E+00  0.3128E+00  0.2977E+00
 0.2893E+00  0.2830E+00  0.2804E+00  0.2795E+00  0.2839E+00  0.2963E+00  0.3095E+00  0.3226E+00  0.3321E+00  0.3305E+00  0.3152E+00  0.2992E+00
 0.2909E+00  0.2845E+00  0.2816E+00  0.2803E+00  0.2858E+00  0.2992E+00  0.3130E+00  0.3268E+00  0.3360E+00  0.3340E+00  0.3177E+00  0.3008E+00
 0.2926E+00  0.2859E+00  0.2827E+00  0.2812E+00  0.2879E+00  0.3020E+00  0.3163E+00  0.3306E+00  0.3397E+00  0.3374E+00  0.3201E+00  0.3025E+00
 0.2943E+00  0.2874E+00  0.2838E+00  0.2820E+00  0.2901E+00  0.3047E+00  0.3194E+00  0.3342E+00  0.3433E+00  0.3409E+00  0.3225E+00  0.3043E+00
 0.2960E+00  0.2888E+00  0.2848E+00  0.2829E+00  0.2922E+00  0.3074E+00  0.3225E+00  0.3378E+00  0.3469E+00  0.3443E+00  0.3249E+00  0.3061E+00
 0.2979E+00  0.2904E+00  0.2857E+00  0.2840E+00  0.2946E+00  0.3098E+00  0.3250E+00  0.3408E+00  0.3501E+00  0.3476E+00  0.3274E+00  0.3082E+00
 0.2999E+00  0.2920E+00  0.2867E+00  0.2852E+00  0.2969E+00  0.3122E+00  0.3274E+00  0.3436E+00  0.3532E+00  0.3509E+00  0.3299E+00  0.3105E+00
 0.3020E+00  0.2936E+00  0.2876E+00  0.2864E+00  0.2993E+00  0.3146E+00  0.3297E+00  0.3464E+00  0.3563E+00  0.3541E+00  0.3324E+00  0.3127E+00
 0.3043E+00  0.2953E+00  0.2887E+00  0.2881E+00  0.3015E+00  0.3166E+00  0.3313E+00  0.3483E+00  0.3587E+00  0.3571E+00  0.3350E+00  0.3152E+00
 0.3067E+00  0.2970E+00  0.2897E+00  0.2897E+00  0.3037E+00  0.3186E+00  0.3328E+00  0.3502E+00  0.3611E+00  0.3601E+00  0.3377E+00  0.3177E+00
 0.3091E+00  0.2987E+00  0.2908E+00  0.2914E+00  0.3058E+00  0.3204E+00  0.3342E+00  0.3518E+00  0.3634E+00  0.3630E+00  0.3404E+00  0.3202E+00
 0.3118E+00  0.3006E+00  0.2922E+00  0.2932E+00  0.3078E+00  0.3217E+00  0.3350E+00  0.3527E+00  0.3651E+00  0.3657E+00  0.3432E+00  0.3229E+00
 0.3144E+00  0.3025E+00  0.2935E+00  0.2951E+00  0.3097E+00  0.3230E+00  0.3357E+00  0.3536E+00  0.3669E+00  0.3683E+00  0.3461E+00  0.3257E+00
 0.3171E+00  0.3045E+00  0.2950E+00  0.2970E+00  0.3115E+00  0.3240E+00  0.3361E+00  0.3541E+00  0.3684E+00  0.3708E+00  0.3490E+00  0.3284E+00
 0.3197E+00  0.3064E+00  0.2966E+00  0.2990E+00  0.3132E+00  0.3245E+00  0.3361E+00  0.3541E+00  0.3696E+00  0.3731E+00  0.3519E+00  0.3312E+00
 0.3223E+00  0.3084E+00  0.2982E+00  0.3009E+00  0.3148E+00  0.3251E+00  0.3360E+00  0.3542E+00  0.3707E+00  0.3754E+00  0.3549E+00  0.3340E+00
 0.3247E+00  0.3104E+00  0.2998E+00  0.3029E+00  0.3161E+00  0.3252E+00  0.3356E+00  0.3539E+00  0.3713E+00  0.3774E+00  0.3577E+00  0.3366E+00
 0.3270E+00  0.3123E+00  0.3015E+00  0.3048E+00  0.3172E+00  0.3252E+00  0.3348E+00  0.3534E+00  0.3715E+00  0.3791E+00  0.3604E+00  0.3391E+00
 0.3293E+00  0.3142E+00  0.3032E+00  0.3068E+00  0.3183E+00  0.3252E+00  0.3341E+00  0.3529E+00  0.3717E+00  0.3809E+00  0.3632E+00  0.3416E+00
 0.3312E+00  0.3159E+00  0.3048E+00  0.3084E+00  0.3188E+00  0.3248E+00  0.3331E+00  0.3518E+00  0.3711E+00  0.3818E+00  0.3655E+00  0.3436E+00
 0.3330E+00  0.3176E+00  0.3064E+00  0.3100E+00  0.3193E+00  0.3243E+00  0.3320E+00  0.3506E+00  0.3702E+00  0.3826E+00  0.3677E+00  0.3455E+00
 0.3347E+00  0.3192E+00  0.3079E+00  0.3115E+00  0.3197E+00  0.3239E+00  0.3308E+00  0.3493E+00  0.3693E+00  0.3833E+00  0.3699E+00  0.3475E+00
 0.3355E+00  0.3203E+00  0.3090E+00  0.3125E+00  0.3195E+00  0.3231E+00  0.3295E+00  0.3468E+00  0.3668E+00  0.3824E+00  0.3712E+00  0.3487E+00
 0.3364E+00  0.3213E+00  0.3101E+00  0.3136E+00  0.3193E+00  0.3223E+00  0.3281E+00  0.3443E+00  0.3642E+00  0.3816E+00  0.3726E+00  0.3500E+00
 0.3370E+00  0.3222E+00  0.3110E+00  0.3143E+00  0.3189E+00  0.3216E+00  0.3267E+00  0.3413E+00  0.3609E+00  0.3801E+00  0.3736E+00  0.3511E+00
 0.3368E+00  0.3225E+00  0.3116E+00  0.3146E+00  0.3180E+00  0.3213E+00  0.3253E+00  0.3373E+00  0.3557E+00  0.3768E+00  0.3738E+00  0.3516E+00
 0.3366E+00  0.3228E+00  0.3122E+00  0.3148E+00  0.3171E+00  0.3209E+00  0.3238E+00  0.3334E+00  0.3506E+00  0.3736E+00  0.3739E+00  0.3521E+00
 0.3360E+00  0.3227E+00  0.3125E+00  0.3146E+00  0.3159E+00  0.3197E+00  0.3223E+00  0.3286E+00  0.3439E+00  0.3688E+00  0.3732E+00  0.3521E+00
 0.3347E+00  0.3223E+00  0.3125E+00  0.3139E+00  0.3145E+00  0.3178E+00  0.3207E+00  0.3232E+00  0.3358E+00  0.3624E+00  0.3715E+00  0.3515E+00
 0.3335E+00  0.3219E+00  0.3125E+00  0.3133E+00  0.3130E+00  0.3159E+00  0.3191E+00  0.3178E+00  0.3277E+00  0.3561E+00  0.3699E+00  0.3509E+00
 0.3321E+00  0.3210E+00  0.3120E+00  0.3119E+00  0.3111E+00  0.3133E+00  0.3167E+00  0.3125E+00  0.3191E+00  0.3486E+00  0.3678E+00  0.3505E+00
 0.3305E+00  0.3199E+00  0.3113E+00  0.3102E+00  0.3089E+00  0.3103E+00  0.3139E+00  0.3071E+00  0.3103E+00  0.3407E+00  0.3655E+00  0.3501E+00
 0.3290E+00  0.3188E+00  0.3107E+00  0.3085E+00  0.3067E+00  0.3073E+00  0.3112E+00  0.3018E+00  0.3015E+00  0.3328E+00  0.3632E+00  0.3497E+00
 0.3274E+00  0.3170E+00  0.3092E+00  0.3058E+00  0.3038E+00  0.3043E+00  0.3077E+00  0.2969E+00  0.2925E+00  0.3235E+00  0.3594E+00  0.3490E+00
 0.3258E+00  0.3152E+00  0.3077E+00  0.3031E+00  0.3008E+00  0.3013E+00  0.3043E+00  0.2921E+00  0.2835E+00  0.3141E+00  0.3554E+00  0.3482E+00
 0.3242E+00  0.3133E+00  0.3061E+00  0.3003E+00  0.2979E+00  0.2983E+00  0.3008E+00  0.2874E+00  0.2747E+00  0.3047E+00  0.3514E+00  0.3475E+00
 0.3229E+00  0.3109E+00  0.3044E+00  0.2971E+00  0.2953E+00  0.2953E+00  0.2973E+00  0.2836E+00  0.2673E+00  0.2955E+00  0.3467E+00  0.3465E+00
 0.3215E+00  0.3085E+00  0.3026E+00  0.2939E+00  0.2927E+00  0.2923E+00  0.2938E+00  0.2799E+00  0.2598E+00  0.2863E+00  0.3420E+00  0.3456E+00
 0.3200E+00  0.3061E+00  0.3007E+00  0.2906E+00  0.2901E+00  0.2893E+00  0.2903E+00  0.2763E+00  0.2532E+00  0.2773E+00  0.3373E+00  0.3444E+00
 0.3183E+00  0.3036E+00  0.2986E+00  0.2873E+00  0.2875E+00  0.2864E+00  0.2868E+00  0.2729E+00  0.2480E+00  0.2690E+00  0.3323E+00  0.3428E+00
 0.3166E+00  0.3011E+00  0.2964E+00  0.2840E+00  0.2849E+00  0.2834E+00  0.2833E+00  0.2694E+00  0.2428E+00  0.2606E+00  0.3273E+00  0.3413E+00
 0.3151E+00  0.2990E+00  0.2939E+00  0.2804E+00  0.2823E+00  0.2804E+00  0.2798E+00  0.2662E+00  0.2387E+00  0.2532E+00  0.3228E+00  0.3399E+00
 0.3137E+00  0.2971E+00  0.2912E+00  0.2766E+00  0.2798E+00  0.2774E+00  0.2764E+00  0.2630E+00  0.2356E+00  0.2464E+00  0.3187E+00  0.3388E+00
 0.3123E+00  0.2952E+00  0.2885E+00  0.2727E+00  0.2772E+00  0.2744E+00  0.2729E+00  0.2599E+00  0.2324E+00  0.2397E+00  0.3146E+00  0.3376E+00
 0.3110E+00  0.2937E+00  0.2850E+00  0.2701E+00  0.2746E+00  0.2714E+00  0.2694E+00  0.2568E+00  0.2306E+00  0.2344E+00  0.3115E+00  0.3366E+00
 0.3099E+00  0.2924E+00  0.2814E+00  0.2680E+00  0.2720E+00  0.2684E+00  0.2659E+00  0.2536E+00  0.2291E+00  0.2294E+00  0.3088E+00  0.3356E+00
 0.3087E+00  0.2910E+00  0.2777E+00  0.2659E+00  0.2694E+00  0.2654E+00  0.2624E+00  0.2505E+00  0.2277E+00  0.2245E+00  0.3061E+00  0.3347E+00
 0.3077E+00  0.2893E+00  0.2740E+00  0.2644E+00  0.2668E+00  0.2624E+00  0.2589E+00  0.2474E+00  0.2241E+00  0.2207E+00  0.3041E+00  0.3340E+00
 0.3067E+00  0.2876E+00  0.2704E+00  0.2629E+00  0.2642E+00  0.2594E+00  0.2554E+00  0.2442E+00  0.2205E+00  0.2168E+00  0.3020E+00  0.3333E+00
 0.3057E+00  0.2860E+00  0.2671E+00  0.2614E+00  0.2616E+00  0.2564E+00  0.2520E+00  0.2411E+00  0.2170E+00  0.2132E+00  0.3001E+00  0.3327E+00
 0.3048E+00  0.2847E+00  0.2654E+00  0.2600E+00  0.2591E+00  0.2535E+00  0.2485E+00  0.2379E+00  0.2144E+00  0.2104E+00  0.2984E+00  0.3322E+00
 0.3039E+00  0.2833E+00  0.2636E+00  0.2585E+00  0.2565E+00  0.2505E+00  0.2450E+00  0.2348E+00  0.2117E+00  0.2077E+00  0.2967E+00  0.3317E+00
 0.3031E+00  0.2821E+00  0.2622E+00  0.2570E+00  0.2539E+00  0.2475E+00  0.2415E+00  0.2317E+00  0.2101E+00  0.2054E+00  0.2954E+00  0.3313E+00
 0.3024E+00  0.2811E+00  0.2613E+00  0.2556E+00  0.2513E+00  0.2445E+00  0.2380E+00  0.2285E+00  0.2099E+00  0.2039E+00  0.2945E+00  0.3310E+00
 0.3017E+00  0.2801E+00  0.2604E+00  0.2541E+00  0.2487E+00  0.2415E+00  0.2345E+00  0.2254E+00  0.2097E+00  0.2023E+00  0.2936E+00  0.3307E+00
 0.3015E+00  0.2797E+00  0.2601E+00  0.2535E+00  0.2478E+00  0.2404E+00  0.2332E+00  0.2243E+00  0.2097E+00  0.2018E+00  0.2933E+00  0.3306E+00
 0.3015E+00  0.2797E+00  0.2601E+00  0.2535E+00  0.2478E+00  0.2404E+00  0.2332E+00  0.2243E+00  0.2097E+00  0.2018E+00  0.2933E+00  0.3306E+00
